# unstructured grid for a domain
#
# no. of nodes cells and boundaries
81		64		4
# BC
1	8	9
1	8	9
1	8	9
1	8	9
# node coordinates
0	0
0.125000000000000	0
0.250000000000000	0
0.375000000000000	0
0.500000000000000	0
0.625000000000000	0
0.750000000000000	0
0.875000000000000	0
1	0
0	0.125000000000000
0.125000000000000	0.125000000000000
0.250000000000000	0.125000000000000
0.375000000000000	0.125000000000000
0.500000000000000	0.125000000000000
0.625000000000000	0.125000000000000
0.750000000000000	0.125000000000000
0.875000000000000	0.125000000000000
1	0.125000000000000
0	0.250000000000000
0.125000000000000	0.250000000000000
0.250000000000000	0.250000000000000
0.375000000000000	0.250000000000000
0.500000000000000	0.250000000000000
0.625000000000000	0.250000000000000
0.750000000000000	0.250000000000000
0.875000000000000	0.250000000000000
1	0.250000000000000
0	0.375000000000000
0.125000000000000	0.375000000000000
0.250000000000000	0.375000000000000
0.375000000000000	0.375000000000000
0.500000000000000	0.375000000000000
0.625000000000000	0.375000000000000
0.750000000000000	0.375000000000000
0.875000000000000	0.375000000000000
1	0.375000000000000
0	0.500000000000000
0.125000000000000	0.500000000000000
0.250000000000000	0.500000000000000
0.375000000000000	0.500000000000000
0.500000000000000	0.500000000000000
0.625000000000000	0.500000000000000
0.750000000000000	0.500000000000000
0.875000000000000	0.500000000000000
1	0.500000000000000
0	0.625000000000000
0.125000000000000	0.625000000000000
0.250000000000000	0.625000000000000
0.375000000000000	0.625000000000000
0.500000000000000	0.625000000000000
0.625000000000000	0.625000000000000
0.750000000000000	0.625000000000000
0.875000000000000	0.625000000000000
1	0.625000000000000
0	0.750000000000000
0.125000000000000	0.750000000000000
0.250000000000000	0.750000000000000
0.375000000000000	0.750000000000000
0.500000000000000	0.750000000000000
0.625000000000000	0.750000000000000
0.750000000000000	0.750000000000000
0.875000000000000	0.750000000000000
1	0.750000000000000
0	0.875000000000000
0.125000000000000	0.875000000000000
0.250000000000000	0.875000000000000
0.375000000000000	0.875000000000000
0.500000000000000	0.875000000000000
0.625000000000000	0.875000000000000
0.750000000000000	0.875000000000000
0.875000000000000	0.875000000000000
1	0.875000000000000
0	1
0.125000000000000	1
0.250000000000000	1
0.375000000000000	1
0.500000000000000	1
0.625000000000000	1
0.750000000000000	1
0.875000000000000	1
1	1
# element connectivity
1	2	11	10
2	3	12	11
3	4	13	12
4	5	14	13
5	6	15	14
6	7	16	15
7	8	17	16
8	9	18	17
10	11	20	19
11	12	21	20
12	13	22	21
13	14	23	22
14	15	24	23
15	16	25	24
16	17	26	25
17	18	27	26
19	20	29	28
20	21	30	29
21	22	31	30
22	23	32	31
23	24	33	32
24	25	34	33
25	26	35	34
26	27	36	35
28	29	38	37
29	30	39	38
30	31	40	39
31	32	41	40
32	33	42	41
33	34	43	42
34	35	44	43
35	36	45	44
37	38	47	46
38	39	48	47
39	40	49	48
40	41	50	49
41	42	51	50
42	43	52	51
43	44	53	52
44	45	54	53
46	47	56	55
47	48	57	56
48	49	58	57
49	50	59	58
50	51	60	59
51	52	61	60
52	53	62	61
53	54	63	62
55	56	65	64
56	57	66	65
57	58	67	66
58	59	68	67
59	60	69	68
60	61	70	69
61	62	71	70
62	63	72	71
64	65	74	73
65	66	75	74
66	67	76	75
67	68	77	76
68	69	78	77
69	70	79	78
70	71	80	79
71	72	81	80
# bnodes
1	2
2	3
3	4
4	5
5	6
6	7
7	8
8	9
9	18
18	27
27	36
36	45
45	54
54	63
63	72
72	81
81	80
80	79
79	78
78	77
77	76
76	75
75	74
74	73
73	64
64	55
55	46
46	37
37	28
28	19
19	10
10	1
