# unstructured grid for a domain
#
# no. of nodes cells and boundaries
81		128		4
# BC
0	8	9
0	8	9
0	8	9
0	8	9
# node coordinates
   -1.0000   -1.0000
   -0.7500   -1.0000
   -0.5000   -1.0000
   -0.2500   -1.0000
         0   -1.0000
    0.2500   -1.0000
    0.5000   -1.0000
    0.7500   -1.0000
    1.0000   -1.0000
   -1.0000   -0.7500
   -0.7500   -0.7500
   -0.5000   -0.7500
   -0.2500   -0.7500
         0   -0.7500
    0.2500   -0.7500
    0.5000   -0.7500
    0.7500   -0.7500
    1.0000   -0.7500
   -1.0000   -0.5000
   -0.7500   -0.5000
   -0.5000   -0.5000
   -0.2500   -0.5000
         0   -0.5000
    0.2500   -0.5000
    0.5000   -0.5000
    0.7500   -0.5000
    1.0000   -0.5000
   -1.0000   -0.2500
   -0.7500   -0.2500
   -0.5000   -0.2500
   -0.2500   -0.2500
         0   -0.2500
    0.2500   -0.2500
    0.5000   -0.2500
    0.7500   -0.2500
    1.0000   -0.2500
   -1.0000         0
   -0.7500         0
   -0.5000         0
   -0.2500         0
         0         0
    0.2500         0
    0.5000         0
    0.7500         0
    1.0000         0
   -1.0000    0.2500
   -0.7500    0.2500
   -0.5000    0.2500
   -0.2500    0.2500
         0    0.2500
    0.2500    0.2500
    0.5000    0.2500
    0.7500    0.2500
    1.0000    0.2500
   -1.0000    0.5000
   -0.7500    0.5000
   -0.5000    0.5000
   -0.2500    0.5000
         0    0.5000
    0.2500    0.5000
    0.5000    0.5000
    0.7500    0.5000
    1.0000    0.5000
   -1.0000    0.7500
   -0.7500    0.7500
   -0.5000    0.7500
   -0.2500    0.7500
         0    0.7500
    0.2500    0.7500
    0.5000    0.7500
    0.7500    0.7500
    1.0000    0.7500
   -1.0000    1.0000
   -0.7500    1.0000
   -0.5000    1.0000
   -0.2500    1.0000
         0    1.0000
    0.2500    1.0000
    0.5000    1.0000
    0.7500    1.0000
    1.0000    1.0000
# element connectivity
     1     2    10
     2    11    10
     2     3    11
     3    12    11
     3     4    12
     4    13    12
     4     5    13
     5    14    13
     5     6    14
     6    15    14
     6     7    15
     7    16    15
     7     8    16
     8    17    16
     8     9    17
     9    18    17
    10    11    19
    11    20    19
    11    12    20
    12    21    20
    12    13    21
    13    22    21
    13    14    22
    14    23    22
    14    15    23
    15    24    23
    15    16    24
    16    25    24
    16    17    25
    17    26    25
    17    18    26
    18    27    26
    19    20    28
    20    29    28
    20    21    29
    21    30    29
    21    22    30
    22    31    30
    22    23    31
    23    32    31
    23    24    32
    24    33    32
    24    25    33
    25    34    33
    25    26    34
    26    35    34
    26    27    35
    27    36    35
    28    29    37
    29    38    37
    29    30    38
    30    39    38
    30    31    39
    31    40    39
    31    32    40
    32    41    40
    32    33    41
    33    42    41
    33    34    42
    34    43    42
    34    35    43
    35    44    43
    35    36    44
    36    45    44
    37    38    46
    38    47    46
    38    39    47
    39    48    47
    39    40    48
    40    49    48
    40    41    49
    41    50    49
    41    42    50
    42    51    50
    42    43    51
    43    52    51
    43    44    52
    44    53    52
    44    45    53
    45    54    53
    46    47    55
    47    56    55
    47    48    56
    48    57    56
    48    49    57
    49    58    57
    49    50    58
    50    59    58
    50    51    59
    51    60    59
    51    52    60
    52    61    60
    52    53    61
    53    62    61
    53    54    62
    54    63    62
    55    56    64
    56    65    64
    56    57    65
    57    66    65
    57    58    66
    58    67    66
    58    59    67
    59    68    67
    59    60    68
    60    69    68
    60    61    69
    61    70    69
    61    62    70
    62    71    70
    62    63    71
    63    72    71
    64    65    73
    65    74    73
    65    66    74
    66    75    74
    66    67    75
    67    76    75
    67    68    76
    68    77    76
    68    69    77
    69    78    77
    69    70    78
    70    79    78
    70    71    79
    71    80    79
    71    72    80
    72    81    80
# bnodes
     1     2
     2     3
     3     4
     4     5
     5     6
     6     7
     7     8
     8     9
     9    18
    18    27
    27    36
    36    45
    45    54
    54    63
    63    72
    72    81
    81    80
    80    79
    79    78
    78    77
    77    76
    76    75
    75    74
    74    73
    73    64
    64    55
    55    46
    46    37
    37    28
    28    19
    19    10
    10     1
