# unstructured grid for a domain
#
# no. of nodes cells and boundaries
225     192     1
# BC
0   64   64
# node coordinates
0.0   0.0   
0.5   0.0   
1.0   0.0   
0.0   0.5   
0.5   0.5   
1.0   0.5   
0.0   1.0   
0.5   1.0   
1.0   1.0   
0.25   1.5   
0.75   1.5   
0.5   2.0   
1.5   0.25   
1.5   0.75   
2.0   0.5   
0.125   1.25   
0.875   1.25   
1.25   0.875   
1.25   0.125   
0.5   1.5   
1.5   0.5   
0.25   0.0   
0.5   0.25   
0.25   0.5   
0.0   0.25   
0.75   0.0   
1.0   0.25   
0.75   0.5   
0.5   0.75   
0.25   1.0   
0.0   0.75   
1.0   0.75   
0.75   1.0   
0.375   1.25   
0.1875   1.375   
0.0625   1.125   
0.9375   1.125   
0.8125   1.375   
0.625   1.25   
0.625   1.5   
0.375   1.5   
0.375   1.75   
0.625   1.75   
1.125   0.0625   
1.375   0.1875   
1.25   0.375   
1.5   0.375   
1.5   0.625   
1.25   0.625   
1.375   0.8125   
1.125   0.9375   
1.75   0.625   
1.75   0.375   
0.25   0.25   
0.75   0.25   
0.25   0.75   
0.75   0.75   
0.3125   1.125   
0.6875   1.125   
0.5   1.25   
0.5   1.75   
1.125   0.3125   
1.25   0.5   
1.125   0.6875   
1.75   0.5   
0.125   0.0   
0.25   0.125   
0.125   0.25   
0.0   0.125   
0.375   0.0   
0.5   0.125   
0.375   0.25   
0.25   0.375   
0.125   0.5   
0.0   0.375   
0.5   0.375   
0.375   0.5   
0.625   0.0   
0.75   0.125   
0.625   0.25   
0.875   0.0   
1.0   0.125   
0.875   0.25   
0.75   0.375   
0.625   0.5   
1.0   0.375   
0.875   0.5   
0.25   0.625   
0.125   0.75   
0.0   0.625   
0.5   0.625   
0.375   0.75   
0.25   0.875   
0.125   1.0   
0.0   0.875   
0.5   0.875   
0.375   1.0   
0.75   0.625   
0.625   0.75   
1.0   0.625   
0.875   0.75   
0.75   0.875   
0.625   1.0   
1.0   0.875   
0.875   1.0   
0.4375   1.125   
0.34375   1.1875   
0.28125   1.0625   
0.3125   1.375   
0.21875   1.4375   
0.15625   1.3125   
0.25   1.25   
0.1875   1.125   
0.09375   1.1875   
0.03125   1.0625   
0.71875   1.0625   
0.65625   1.1875   
0.5625   1.125   
0.96875   1.0625   
0.90625   1.1875   
0.8125   1.125   
0.75   1.25   
0.84375   1.3125   
0.78125   1.4375   
0.6875   1.375   
0.5625   1.25   
0.4375   1.25   
0.6875   1.5   
0.5625   1.5   
0.5625   1.375   
0.4375   1.375   
0.4375   1.5   
0.3125   1.5   
0.4375   1.875   
0.4375   1.75   
0.5625   1.75   
0.5625   1.875   
0.3125   1.625   
0.4375   1.625   
0.5625   1.625   
0.6875   1.625   
1.0625   0.28125   
1.1875   0.34375   
1.125   0.4375   
1.0625   0.03125   
1.1875   0.09375   
1.125   0.1875   
1.25   0.25   
1.3125   0.15625   
1.4375   0.21875   
1.375   0.3125   
1.25   0.4375   
1.25   0.5625   
1.125   0.5625   
1.5   0.3125   
1.5   0.4375   
1.375   0.4375   
1.375   0.5625   
1.5   0.5625   
1.5   0.6875   
1.375   0.6875   
1.1875   0.65625   
1.0625   0.71875   
1.4375   0.78125   
1.3125   0.84375   
1.25   0.75   
1.125   0.8125   
1.1875   0.90625   
1.0625   0.96875   
1.875   0.5625   
1.75   0.5625   
1.75   0.4375   
1.875   0.4375   
1.625   0.6875   
1.625   0.5625   
1.625   0.4375   
1.625   0.3125   
0.125   0.125   
0.375   0.125   
0.125   0.375   
0.375   0.375   
0.625   0.125   
0.875   0.125   
0.625   0.375   
0.875   0.375   
0.125   0.625   
0.375   0.625   
0.125   0.875   
0.375   0.875   
0.625   0.625   
0.875   0.625   
0.625   0.875   
0.875   0.875   
0.40625   1.0625   
0.28125   1.3125   
0.15625   1.0625   
0.21875   1.1875   
0.59375   1.0625   
0.84375   1.0625   
0.71875   1.3125   
0.78125   1.1875   
0.5   1.125   
0.625   1.375   
0.375   1.375   
0.5   1.375   
0.5   1.875   
0.375   1.625   
0.625   1.625   
0.5   1.625   
1.0625   0.40625   
1.0625   0.15625   
1.3125   0.28125   
1.1875   0.21875   
1.125   0.5   
1.375   0.375   
1.375   0.625   
1.375   0.5   
1.0625   0.59375   
1.3125   0.71875   
1.0625   0.84375   
1.1875   0.78125   
1.875   0.5   
1.625   0.625   
1.625   0.375   
1.625   0.5   
# element connectivity
1   66   178   69   
66   22   67   178   
69   178   68   25   
178   67   54   68   
22   70   179   67   
70   2   71   179   
67   179   72   54   
179   71   23   72   
25   68   180   75   
68   54   73   180   
75   180   74   4   
180   73   24   74   
54   72   181   73   
72   23   76   181   
73   181   77   24   
181   76   5   77   
2   78   182   71   
78   26   79   182   
71   182   80   23   
182   79   55   80   
26   81   183   79   
81   3   82   183   
79   183   83   55   
183   82   27   83   
23   80   184   76   
80   55   84   184   
76   184   85   5   
184   84   28   85   
55   83   185   84   
83   27   86   185   
84   185   87   28   
185   86   6   87   
4   74   186   90   
74   24   88   186   
90   186   89   31   
186   88   56   89   
24   77   187   88   
77   5   91   187   
88   187   92   56   
187   91   29   92   
31   89   188   95   
89   56   93   188   
95   188   94   7   
188   93   30   94   
56   92   189   93   
92   29   96   189   
93   189   97   30   
189   96   8   97   
5   85   190   91   
85   28   98   190   
91   190   99   29   
190   98   57   99   
28   87   191   98   
87   6   100   191   
98   191   101   57   
191   100   32   101   
29   99   192   96   
99   57   102   192   
96   192   103   8   
192   102   33   103   
57   101   193   102   
101   32   104   193   
102   193   105   33   
193   104   9   105   
8   106   194   97   
106   34   107   58   
97   58   108   30   
58   97   194   106   
34   109   195   112   
109   10   110   35   
112   35   111   16   
35   112   195   109   
30   113   196   94   
113   16   114   36   
94   36   115   7   
36   94   196   113   
16   113   197   112   
113   30   108   58   
112   58   107   34   
58   112   197   113   
8   103   198   118   
103   33   116   59   
118   59   117   39   
59   118   198   103   
33   105   199   121   
105   9   119   37   
121   37   120   17   
37   121   199   105   
39   122   200   125   
122   17   123   38   
125   38   124   11   
38   125   200   122   
17   122   201   121   
122   39   117   59   
121   59   116   33   
59   121   201   122   
8   118   202   106   
118   39   126   60   
106   60   127   34   
60   106   202   118   
39   125   203   130   
125   11   128   40   
130   40   129   20   
40   130   203   125   
34   131   204   109   
131   20   132   41   
109   41   133   10   
41   109   204   131   
20   131   205   130   
131   34   127   60   
130   60   126   39   
60   130   205   131   
12   134   206   137   
134   42   135   61   
137   61   136   43   
61   137   206   134   
42   138   207   139   
138   10   133   41   
139   41   132   20   
41   139   207   138   
43   140   208   141   
140   20   129   40   
141   40   128   11   
40   141   208   140   
20   140   209   139   
140   43   136   61   
139   61   135   42   
61   139   209   140   
6   86   210   144   
86   27   142   62   
144   62   143   46   
62   144   210   86   
27   82   211   147   
82   3   145   44   
147   44   146   19   
44   147   211   82   
46   148   212   151   
148   19   149   45   
151   45   150   13   
45   151   212   148   
19   148   213   147   
148   46   143   62   
147   62   142   27   
62   147   213   148   
6   144   214   154   
144   46   152   63   
154   63   153   49   
63   154   214   144   
46   151   215   157   
151   13   155   47   
157   47   156   21   
47   157   215   151   
49   158   216   161   
158   21   159   48   
161   48   160   14   
48   161   216   158   
21   158   217   157   
158   49   153   63   
157   63   152   46   
63   157   217   158   
6   154   218   100   
154   49   162   64   
100   64   163   32   
64   100   218   154   
49   161   219   166   
161   14   164   50   
166   50   165   18   
50   166   219   161   
32   167   220   104   
167   18   168   51   
104   51   169   9   
51   104   220   167   
18   167   221   166   
167   32   163   64   
166   64   162   49   
64   166   221   167   
15   170   222   173   
170   52   171   65   
173   65   172   53   
65   173   222   170   
52   174   223   175   
174   14   160   48   
175   48   159   21   
48   175   223   174   
53   176   224   177   
176   21   156   47   
177   47   155   13   
47   177   224   176   
21   176   225   175   
176   53   172   65   
175   65   171   52   
65   175   225   176   
# bnodes
1   66   
66   22   
25   69   
69   1   
22   70   
70   2   
4   75   
75   25   
2   78   
78   26   
26   81   
81   3   
31   90   
90   4   
7   95   
95   31   
10   110   
110   35   
35   111   
111   16   
16   114   
114   36   
36   115   
115   7   
9   119   
119   37   
37   120   
120   17   
17   123   
123   38   
38   124   
124   11   
12   134   
134   42   
43   137   
137   12   
42   138   
138   10   
11   141   
141   43   
3   145   
145   44   
44   146   
146   19   
19   149   
149   45   
45   150   
150   13   
14   164   
164   50   
50   165   
165   18   
18   168   
168   51   
51   169   
169   9   
15   170   
170   52   
53   173   
173   15   
52   174   
174   14   
13   177   
177   53   
